1.050965786735193142e+00 1.701076252120620191e-01 0.000000000000000000e+00 1.739837404307055801e-01 2.059902020041635626e-03 2.191078959990720443e-01 5.411067750710593094e-01
1.701076252120620191e-01 6.043041701581687297e-01 0.000000000000000000e+00 1.729710528714046847e-01 2.939227068327948320e-03 3.039571689559585344e-01 2.189478596948623845e-01
0.000000000000000000e+00 0.000000000000000000e+00 0.000000000000000000e+00 0.000000000000000000e+00 0.000000000000000000e+00 0.000000000000000000e+00 0.000000000000000000e+00
1.739837404307055801e-01 1.729710528714046847e-01 0.000000000000000000e+00 5.432730123927114185e-01 4.952570040871384291e-04 1.646869181565584206e-01 2.337478231919054572e-01
2.059902020041635626e-03 2.939227068327948320e-03 0.000000000000000000e+00 4.952570040871384291e-04 1.648357979902304732e-02 5.278171456480639651e-03 4.380994269966047815e-03
2.191078959990720443e-01 3.039571689559585344e-01 0.000000000000000000e+00 1.646869181565584206e-01 5.278171456480639651e-03 6.340124826509697664e-01 2.756192775822296492e-01
5.411067750710593094e-01 2.189478596948623845e-01 0.000000000000000000e+00 2.337478231919054572e-01 4.380994269966047815e-03 2.756192775822296492e-01 1.261380962126012362e+00
