0.649104 0.553467 0.5 0.944391 0.56901 0.5 0.939835 
0.553467 0.5 0.469023 0.999908 0.5 0.999915 0.5 
0.5 0.469023 0.61067 0.779714 0.55678 0.5 0.516066 
0.944391 0.999908 0.779714 0.999908 0.819681 0.990575 0.945053 
0.56901 0.5 0.55678 0.819681 0.762974 0.543387 0.5 
0.5 0.999915 0.5 0.990575 0.543387 0.5 0.463956 
0.939835 0.5 0.516066 0.945053 0.5 0.463956 0.649035 
