0.5 0.999338 0.99944 0.922818 0.999386 0.988692 0.986791 
0.999338 0.9994 0.999393 0.99946 0.999379 0.99941 0.973827 
0.99944 0.999393 0.999379 0.999381 0.999379 0.999379 0.999384 
0.922818 0.99946 0.999381 0.996871 0.999443 0.999459 0.949167 
0.999386 0.999379 0.999379 0.999443 0.999379 0.999403 0.999393 
0.988692 0.99941 0.999379 0.999459 0.999403 0.999381 0.999431 
0.986791 0.973827 0.999384 0.949167 0.999393 0.999431 0.5 
