0.5 0.720636 0.948966 0.5 0.5 0.5 0.639576 
0.720636 0.999409 0.999346 0.999229 0.999279 0.999367 0.5 
0.948966 0.999346 0.999379 0.995812 0.999379 0.989535 0.5 
0.5 0.999229 0.995812 0.994656 0.989914 0.989234 0.5 
0.5 0.999279 0.999379 0.989914 0.999379 0.999391 0.88814 
0.5 0.999367 0.989535 0.989234 0.999391 0.999328 0.670477 
0.639576 0.5 0.5 0.5 0.88814 0.670477 0.5 
