6.775753257473099422e-01 8.405952237631690582e-02 1.480353196910596802e-01 1.323382381622429660e-01 1.739839665863838203e-01 1.170827039299079803e-01 1.402445018905962570e-01
8.405952237631690582e-02 3.031443422593411707e-01 4.834845720607881120e-02 1.834387719710624601e-02 4.256802354369580016e-02 2.448569138639847959e-02 1.318042819001332966e-01
1.480353196910596802e-01 4.834845720607881120e-02 5.209439317508460787e-01 1.382005423489900686e-01 1.657455614216424011e-01 1.516742555676951765e-01 1.380774896199035984e-01
1.323382381622429660e-01 1.834387719710624601e-02 1.382005423489900686e-01 4.680212689856043107e-01 1.446245224646434679e-01 1.084881580860005551e-01 1.151558427883226515e-01
1.739839665863838203e-01 4.256802354369580016e-02 1.657455614216424011e-01 1.446245224646434679e-01 8.395187057525745900e-01 1.157404997502746724e-01 1.948715256370590898e-01
1.170827039299079803e-01 2.448569138639847959e-02 1.516742555676951765e-01 1.084881580860005551e-01 1.157404997502746724e-01 2.981847694480815880e-01 9.087866358124260802e-02
1.402445018905962570e-01 1.318042819001332966e-01 1.380774896199035984e-01 1.151558427883226515e-01 1.948715256370590898e-01 9.087866358124260802e-02 6.083461404270461559e-01
