5.779810129093038151e-01 1.706744200080856921e-01 2.045775013495146344e-01 2.244483302047652895e-01 2.070129434205006391e-01 1.716562646896482303e-01 4.676049844884536677e-01
1.706744200080856921e-01 1.901428147367328625e-01 1.479958706879654640e-01 1.584936670940934600e-01 1.484698566637396300e-01 1.830752774464620147e-01 1.718261787833220977e-01
2.045775013495146344e-01 1.479958706879654640e-01 3.531727970781221582e-01 1.965708851991111172e-01 2.423460313252990272e-01 1.483240296335664177e-01 2.001000804564453395e-01
2.244483302047652895e-01 1.584936670940934600e-01 1.965708851991111172e-01 3.240490944983472898e-01 1.952323059151906959e-01 1.587099234819553673e-01 2.213169785249948507e-01
2.070129434205006391e-01 1.484698566637396300e-01 2.423460313252990272e-01 1.952323059151906959e-01 3.469815815043744700e-01 1.484308480197310265e-01 2.055586013007951740e-01
1.716562646896482303e-01 1.830752774464620147e-01 1.483240296335664177e-01 1.587099234819553673e-01 1.484308480197310265e-01 1.900792354153738317e-01 1.713077745581029765e-01
4.676049844884536677e-01 1.718261787833220977e-01 2.001000804564453395e-01 2.213169785249948507e-01 2.055586013007951740e-01 1.713077745581029765e-01 5.624994385613695247e-01
