6.567619087484120044e-01 7.926004533411182273e-02 2.190532012635081072e-01 1.678029980065281479e-01 1.928709223937416783e-01 8.580937205112591781e-02 1.119000501133320946e-01
7.926004533411182273e-02 3.390470172445672614e-01 5.850680581745680564e-02 2.227759454361057795e-02 1.650081626844899230e-01 2.780659166839015775e-02 4.985989015717805922e-02
2.190532012635081072e-01 5.850680581745680564e-02 5.842805034612518211e-01 1.891373457123186608e-01 1.878378766597388339e-01 1.201299336648801730e-01 1.603189623327908597e-01
1.678029980065281479e-01 2.227759454361057795e-02 1.891373457123186608e-01 4.788537485647364478e-01 1.343569056788340710e-01 7.999687856284090626e-02 1.352138806920941128e-01
1.928709223937416783e-01 1.650081626844899230e-01 1.878378766597388339e-01 1.343569056788340710e-01 8.287052270509617236e-01 1.772646545677545593e-01 2.307572316471152019e-01
8.580937205112591781e-02 2.780659166839015775e-02 1.201299336648801730e-01 7.999687856284090626e-02 1.772646545677545593e-01 3.575129769829100690e-01 9.501686410782099468e-02
1.119000501133320946e-01 4.985989015717805922e-02 1.603189623327908597e-01 1.352138806920941128e-01 2.307572316471152019e-01 9.501686410782099468e-02 5.617516156611285227e-01
