5.854264486491288499e-01 1.056711229910236582e-01 1.474976705886171247e-01 2.317952574996415271e-01 2.973845505281307866e-01 1.909622722187494237e-01 2.019641755321191501e-01
1.056711229910236582e-01 2.585731861800919518e-01 4.580729045307038033e-02 2.914104584075049090e-02 2.194824656396563156e-01 2.019428237939627571e-02 2.458713603082696431e-01
1.474976705886171247e-01 4.580729045307038033e-02 4.360277191801623098e-01 1.483912157637928830e-01 1.695264130577683603e-01 1.111084115289469043e-01 1.604164479063463489e-01
2.317952574996415271e-01 2.914104584075049090e-02 1.483912157637928830e-01 4.288512991071967706e-01 2.304877341146220060e-01 1.797932460560285328e-01 1.280952326570441446e-01
2.973845505281307866e-01 2.194824656396563156e-01 1.695264130577683603e-01 2.304877341146220060e-01 8.141773119551090065e-01 1.617385596142976167e-01 3.302210126333625650e-01
1.909622722187494237e-01 2.019428237939627571e-02 1.111084115289469043e-01 1.797932460560285328e-01 1.617385596142976167e-01 2.288844182007381822e-01 9.293303172277914137e-02
2.019641755321191501e-01 2.458713603082696431e-01 1.604164479063463489e-01 1.280952326570441446e-01 3.302210126333625650e-01 9.293303172277914137e-02 5.684441395071010428e-01
