0.5 0.999338 0.999379 0.670279 0.999379 0.94894 0.501321 
0.999338 0.999376 0.999379 0.999386 0.999379 0.999382 0.813091 
0.999379 0.999379 0.999379 0.999381 0.999379 0.999379 0.999379 
0.670279 0.999386 0.999381 0.75896 0.999431 0.999377 0.670268 
0.999379 0.999379 0.999379 0.999431 0.999379 0.999379 0.999379 
0.94894 0.999382 0.999379 0.999377 0.999379 0.999381 0.999421 
0.501321 0.813091 0.999379 0.670268 0.999379 0.999421 0.5 
