1 0.980134 0.999756 0.767744 0.999815 0.0853393 0.436171 
0.980134 0.999963 0.999765 0.999761 0.999133 1 1 
0.999756 0.999765 0.999756 0.999756 0.999756 0.999756 0.999756 
0.767744 0.999761 0.999756 0.901617 0.999743 0.999756 1 
0.999815 0.999133 0.999756 0.999743 0.999839 0.999896 0.999596 
0.0853393 1 0.999756 0.999756 0.999896 1 1 
0.436171 1 0.999756 1 0.999596 1 1 
