0 0.998677 0.998759 0.340557 0.998759 0.936597 0.996341 
0.998677 0.998752 0.998759 0.998772 0.998759 0.998764 0.626183 
0.998759 0.998759 0.998759 0.998762 0.998759 0.998759 0.998759 
0.340557 0.998772 0.998762 0.988388 0.998863 0.998754 0.340537 
0.998759 0.998759 0.998759 0.998863 0.998759 0.998759 0.998759 
0.936597 0.998764 0.998759 0.998754 0.998759 0.998763 0.998842 
0.996341 0.626183 0.998759 0.340537 0.998759 0.998842 0 
